#usda 1.0
(
    customLayerData = {
        string author = "SMF Features Developed From Cheryl Hill (https://sketchfab.com/cherylhill28)"
        string copyright = "CC-BY-4.0 (http://creativecommons.org/licenses/by/4.0/)"
        string generator = "Sketchfab-16.72.0"
        string title = "SB GameStation - Patrick (Santa)"
        string url = "https://sketchfab.com/3d-models/sb-gamestation-patrick-santa-e0a057e7f9534ac584178ca023d4fb3b"
    }
    defaultPrim = "scene"
    endTimeCode = 64
    metersPerUnit = 0.01
    startTimeCode = 0
    timeCodesPerSecond = 120
    upAxis = "Y"
)

def Xform "scene" (
    assetInfo = {
        string name = "scene"
    }
    kind = "component"
)
{
    def Scope "Materials"
    {
        def Material "fx_SlideMark_starfish"
        {
            token outputs:surface.connect = </scene/Materials/fx_SlideMark_starfish/pbr_shader.outputs:surface>

            def Shader "pbr_shader"
            {
                uniform token info:id = "UsdPreviewSurface"
                color3f inputs:diffuseColor.connect = </scene/Materials/fx_SlideMark_starfish/tex_base.outputs:rgb>
                color3f inputs:emissiveColor = (0, 0, 0)
                float inputs:metallic = 0
                normal3f inputs:normal = (0, 0, 1)
                float inputs:occlusion = 1
                float inputs:opacity = 0
                float inputs:roughness = 0.95770514
                token outputs:surface
            }

            def Shader "uvset0"
            {
                uniform token info:id = "UsdPrimvarReader_float2"
                token inputs:varname = "st0"
                float2 outputs:result
            }

            def Shader "tex_base"
            {
                uniform token info:id = "UsdUVTexture"
                float4 inputs:fallback = (1, 1, 1, 1)
                asset inputs:file = @0/fx_SlideMark_starfish_baseColor.png@
                float2 inputs:st.connect = </scene/Materials/fx_SlideMark_starfish/uvset0.outputs:result>
                token inputs:wrapS = "repeat"
                token inputs:wrapT = "repeat"
                float outputs:a
                float3 outputs:rgb
            }
        }

        def Material "starfish_cloth_santa"
        {
            token outputs:surface.connect = </scene/Materials/starfish_cloth_santa/pbr_shader.outputs:surface>

            def Shader "pbr_shader"
            {
                uniform token info:id = "UsdPreviewSurface"
                color3f inputs:diffuseColor.connect = </scene/Materials/starfish_cloth_santa/tex_base.outputs:rgb>
                color3f inputs:emissiveColor = (0, 0, 0)
                float inputs:metallic = 0
                normal3f inputs:normal = (0, 0, 1)
                float inputs:occlusion = 1
                float inputs:roughness = 0.95770514
                token outputs:surface
            }

            def Shader "uvset0"
            {
                uniform token info:id = "UsdPrimvarReader_float2"
                token inputs:varname = "st0"
                float2 outputs:result
            }

            def Shader "tex_base"
            {
                uniform token info:id = "UsdUVTexture"
                float4 inputs:fallback = (1, 1, 1, 1)
                asset inputs:file = @0/starfish_cloth_santa_baseColor.jpg@
                float2 inputs:st.connect = </scene/Materials/starfish_cloth_santa/uvset0.outputs:result>
                token inputs:wrapS = "repeat"
                token inputs:wrapT = "repeat"
                float outputs:a
                float3 outputs:rgb
            }
        }

        def Material "starfish_face_001"
        {
            token outputs:surface.connect = </scene/Materials/starfish_face_001/pbr_shader.outputs:surface>

            def Shader "pbr_shader"
            {
                uniform token info:id = "UsdPreviewSurface"
                color3f inputs:diffuseColor.connect = </scene/Materials/starfish_face_001/tex_base.outputs:rgb>
                color3f inputs:emissiveColor = (0, 0, 0)
                float inputs:metallic = 0
                normal3f inputs:normal = (0, 0, 1)
                float inputs:occlusion = 1
                float inputs:opacity.connect = </scene/Materials/starfish_face_001/tex_base.outputs:a>
                float inputs:roughness = 0.95770514
                token outputs:surface
            }

            def Shader "uvset0"
            {
                uniform token info:id = "UsdPrimvarReader_float2"
                token inputs:varname = "st0"
                float2 outputs:result
            }

            def Shader "tex_base"
            {
                uniform token info:id = "UsdUVTexture"
                float4 inputs:fallback = (1, 1, 1, 1)
                asset inputs:file = @0/starfish_face_001_baseColor.png@
                float2 inputs:st.connect = </scene/Materials/starfish_face_001/uvset0.outputs:result>
                token inputs:wrapS = "repeat"
                token inputs:wrapT = "repeat"
                float outputs:a
                float3 outputs:rgb
            }
        }
    }

    def Xform "Meshes"
    {
        float3 xformOp:scale = (100, 100, 100)
        uniform token[] xformOpOrder = ["xformOp:scale"]

        def Xform "Sketchfab_model"
        {
            matrix4d xformOp:transform = ( (1, 0, 0, 0), (0, 2.220446049250313e-16, -1, 0), (0, 1, 2.220446049250313e-16, 0), (0, 0, 0, 1) )
            uniform token[] xformOpOrder = ["xformOp:transform"]

            def Xform "C_STARFISH_SANTA_001_fbx"
            {
                matrix4d xformOp:transform = ( (0.01029999926686287, 0, 0, 0), (0, 0, 0.01029999926686287, 0), (0, -0.01029999926686287, 0, 0), (0, 0, 0, 1) )
                uniform token[] xformOpOrder = ["xformOp:transform"]

                def Xform "Object_2"
                {
                    matrix4d xformOp:transform = ( (1, 0, 0, 0), (0, 1, 0, 0), (0, 0, 1, 0), (0, 0, 0, 1) )
                    uniform token[] xformOpOrder = ["xformOp:transform"]

                    def Xform "RootNode"
                    {
                        matrix4d xformOp:transform = ( (1, 0, 0, 0), (0, 1, 0, 0), (0, 0, 1, 0), (0, 0, 0, 1) )
                        uniform token[] xformOpOrder = ["xformOp:transform"]

                        def Xform "Object_4"
                        {
                            matrix4d xformOp:transform = ( (1, 0, 0, 0), (0, 1, 0, 0), (0, 0, 1, 0), (0, 0, 0, 1) )
                            uniform token[] xformOpOrder = ["xformOp:transform"]

                            def Xform "_rootJoint"
                            {
                                matrix4d xformOp:transform = ( (1, 0, 0, 0), (0, 1, 0, 0), (0, 0, 1, 0), (0, 0, 0, 1) )
                                uniform token[] xformOpOrder = ["xformOp:transform"]

                                def Xform "C_STARFISH_SANTA_001_01"
                                {
                                    matrix4d xformOp:transform = ( (1, 0, 0, 0), (0, 1, 0, 0), (0, 0, 1, 0), (0, 0, 0, 1) )
                                    uniform token[] xformOpOrder = ["xformOp:transform"]

                                    def Xform "Effect_048"
                                    {
                                        matrix4d xformOp:transform = ( (1, 0, 0, 0), (0, 1, 0, 0), (0, 0, 1, 0), (0, 0, 0, 1) )
                                        uniform token[] xformOpOrder = ["xformOp:transform"]

                                        def Xform "fx_SlideMark_Starfish_santa_055"
                                        {
                                            matrix4d xformOp:transform = ( (1, 0, 0, 0), (0, 0.999999999999999, 4.371138828673793e-8, 0), (0, -4.371138828673793e-8, 0.999999999999999, 0), (0, 0, 0, 1) )
                                            uniform token[] xformOpOrder = ["xformOp:transform"]

                                            def Xform "Plane001"
                                            {
                                                matrix4d xformOp:transform = ( (1, 0, 0, 0), (0, 1, 6.617444900424222e-24, 0), (0, -6.617444900424222e-24, 1, 0), (0, 0.023662935942411423, 0, 1) )
                                                uniform token[] xformOpOrder = ["xformOp:transform"]

                                                def Xform "Plane001_fx_SlideMark_starfish_0"
                                                {
                                                    matrix4d xformOp:transform = ( (1, 0, 0, 0), (0, 1, 0, 0), (0, 0, 1, 0), (0, 0, 0, 1) )
                                                    uniform token[] xformOpOrder = ["xformOp:transform"]

                                                    def Mesh "Plane001_fx_SlideMark_starfish_0"
                                                    {
                                                        uniform bool doubleSided = 1
                                                        float3[] extent = [(-0.30000025, -6.554806e-8, -2.9995646), (0.30000025, -6.554806e-8, 0.00043518064)]
                                                        int[] faceVertexCounts = [3, 3]
                                                        int[] faceVertexIndices = [0, 1, 2, 3, 0, 2]
                                                        rel material:binding = </scene/Materials/fx_SlideMark_starfish>
                                                        normal3f[] normals = [(0, 1, 0), (0, 0.99999994, 0), (0, 1, 0), (0, 1, 0)] (
                                                            interpolation = "vertex"
                                                        )
                                                        point3f[] points = [(0.29999974, -6.554806e-8, 0.00043518064), (0.30000025, -6.554806e-8, -2.9995646), (-0.29999974, -6.554806e-8, -2.9995646), (-0.30000025, -6.554806e-8, 0.00043518064)]
                                                        texCoord2f[] primvars:st0 = [(0.9994985, 0.9995005), (0.99950045, 0.00049960613), (0.0005015433, 0.0004994869), (0.0004995465, 0.9995004)] (
                                                            interpolation = "vertex"
                                                        )
                                                        uniform token subdivisionScheme = "none"
                                                    }
                                                }
                                            }
                                        }
                                    }
                                }
                            }
                        }
                    }
                }
            }
        }
    }

    def Xform "SkinnedMeshes"
    {
        float3 xformOp:scale = (100, 100, 100)
        uniform token[] xformOpOrder = ["xformOp:scale"]

        def Xform "Sketchfab_model"
        {
            matrix4d xformOp:transform = ( (1, 0, 0, 0), (0, 2.220446049250313e-16, -1, 0), (0, 1, 2.220446049250313e-16, 0), (0, 0, 0, 1) )
            uniform token[] xformOpOrder = ["xformOp:transform"]

            def Xform "C_STARFISH_SANTA_001_fbx"
            {
                matrix4d xformOp:transform = ( (0.01029999926686287, 0, 0, 0), (0, 0, 0.01029999926686287, 0), (0, -0.01029999926686287, 0, 0), (0, 0, 0, 1) )
                uniform token[] xformOpOrder = ["xformOp:transform"]

                def Xform "Object_2"
                {
                    matrix4d xformOp:transform = ( (1, 0, 0, 0), (0, 1, 0, 0), (0, 0, 1, 0), (0, 0, 0, 1) )
                    uniform token[] xformOpOrder = ["xformOp:transform"]

                    def Xform "RootNode"
                    {
                        matrix4d xformOp:transform = ( (1, 0, 0, 0), (0, 1, 0, 0), (0, 0, 1, 0), (0, 0, 0, 1) )
                        uniform token[] xformOpOrder = ["xformOp:transform"]

                        def Xform "Object_4"
                        {
                            matrix4d xformOp:transform = ( (1, 0, 0, 0), (0, 1, 0, 0), (0, 0, 1, 0), (0, 0, 0, 1) )
                            uniform token[] xformOpOrder = ["xformOp:transform"]

                            def Xform "_rootJoint"
                            {
                                matrix4d xformOp:transform = ( (1, 0, 0, 0), (0, 1, 0, 0), (0, 0, 1, 0), (0, 0, 0, 1) )
                                uniform token[] xformOpOrder = ["xformOp:transform"]

                                def Xform "C_STARFISH_SANTA_001_01"
                                {
                                    matrix4d xformOp:transform = ( (1, 0, 0, 0), (0, 1, 0, 0), (0, 0, 1, 0), (0, 0, 0, 1) )
                                    uniform token[] xformOpOrder = ["xformOp:transform"]

                                    def SkelRoot "skin0"
                                    {
                                        def Skeleton "skeleton"
                                        {
                                            uniform matrix4d[] bindTransforms = [( (1, 0, 0, 0), (0, 1, 0, 0), (0, 0, 1, 0), (0, 0, 0, 1) ), ( (0.000001386800136057947, 0.9999999999980769, -5.159884143954575e-15, -0), (0.0000027577068521815066, -3.819228437096109e-12, 0.999999999992395, 0), (0.9999999999904718, -0.000001386800136047429, -0.000002757706852186796, 0), (2.2780944022286415e-14, 0.376686841249466, -3.0000006230962974e-8, 1) ), ( (0.015597394308011476, -0.9994008634975238, 0.03089732603860891, 0), (0.0018163565858157228, 0.03092935460400146, 0.9995199608591608, 0), (-0.999876848166057, -0.015533787545623089, 0.0022976859047990294, 0), (0.2269338655549455, 0.37668687302400466, -3.255837519642527e-7, 0.9999999999999999) ), ( (0.015525966128717287, -0.9998739021906403, -0.0033834558854431702, 0), (0.0023499728097973586, -0.0033473647012592822, 0.9999917961773032, -0), (-0.9998768480977647, -0.015533787228109209, 0.0022977049740524765, 0), (0.22951807485763856, 0.21110404152628556, 0.005118808585296475, 1) ), ( (4.3711391839247526e-8, -0.999999999999998, -1.4880331293226748e-13, 0), (0.000001370906716144574, -8.8879078739254e-14, 0.9999999999981206, -0), (-0.9999999999981186, -4.371139183957337e-8, 0.0000013709067161445636, 0), (0.23173615673522546, 0.06825933873325375, 0.004635439146693877, 1) ), ( (1, 0, 0, 0), (0, 1, 0, 0), (0, 0, 1, 0), (0, 0, 0, 1) ), ( (1, 0, 0, 0), (0, 1, 0, 0), (0, 0, 1, 0), (0, 0, 0, 1) ), ( (-0.01559748540730583, -0.9994009779696574, 0.030897361144792537, 0), (-0.0018136072005508893, 0.03092934381590279, 0.9995199715237725, 0), (-0.9998769149653884, 0.015533962826638915, -0.002294940913692776, 0), (-0.22693387541202215, 0.3766868379961133, 2.983307602408292e-7, 1) ), ( (-0.015526153243419508, -0.9998739563033807, -0.003383413062113043, 0), (-0.002347245112487283, -0.0033473631495750467, 0.9999916897869205, 0), (-0.9998769147319422, 0.015533965193566347, -0.0022949774392878146, 0), (-0.22951809879178053, 0.21110402060380748, 0.005119437361138539, 1.0000000000000002) ), ( (4.3711391839247526e-8, -0.999999999999998, -1.488033179016774e-13, 0), (0.0000013709068298314117, -8.887907376984409e-14, 0.9999999999981206, -0), (-0.9999999999981186, -4.371139183957337e-8, 0.0000013709068298314013, 0), (-0.23173614999226574, 0.06825933337539535, 0.004636074524018264, 1) ), ( (1, 0, 0, 0), (0, 1, 0, 0), (0, 0, 1, 0), (0, 0, 0, 1) ), ( (1, 0, 0, 0), (0, 1, 0, 0), (0, 0, 1, 0), (0, 0, 0, 1) ), ( (1.091734478564816e-9, 0.9999996639007215, 0.0007963180023933057, -0), (-0.0000014026939874072247, -0.0007963181188040074, 0.9999997831080532, 0), (0.9999999999980325, -2.2087244979475986e-9, 0.0000014026924960601667, 0), (-2.514261882863491e-10, 0.5211999449963637, -0.0001834126038938086, 1) ), ( (1.091734478564816e-9, 0.9999996639007215, 0.0007963180023933057, -0), (-0.0000014026939874072247, -0.0007963181188040074, 0.9999997831080532, 0), (0.9999999999980325, -2.2087244979475986e-9, 0.0000014026924960601667, 0), (-3.392938899036789e-10, 0.7515293399025872, -0.00024762248674989166, 1) ), ( (1, 0, 0, 0), (0, 1, 0, 0), (0, 0, 1, 0), (0, 0, 0, 1) ), ( (1.2646740818748102e-7, 0.9957360818415376, 0.09224822165432311, -0), (-0.0000014085391980450205, -0.09224822910436846, 0.9957361414442639, 0), (0.9999999999980002, -2.5586335470410287e-7, 0.0000013908666765921583, 0), (1.318668950638017e-7, 1.063764711265898, -0.08617139633855157, 1.0000000000000002) ), ( (-3.633287823104294e-7, 0.9999983782523941, 0.001747070697538537, 0), (-0.0000016398315750666041, -0.0017470708151409702, 0.999998437854472, 0), (0.9999999999971787, 3.604633743621726e-7, 0.000001640463879781453, -0), (-1.0358237319595988e-8, 1.5315346514619446, -0.007604732670697628, 0.9999999999999998) ), ( (1, 0, 0, 0), (0, 1, 0, 0), (0, 0, 1, 0), (0, 0, 0, 1) ), ( (1, 0, 0, 0), (0, 1, 0, 0), (0, 0, 1, 0), (0, 0, 0, 1) ), ( (-3.6332895284040944e-7, 0.9999983782523941, 0.0017470706975385368, 0), (-0.000001639831574768676, -0.0017470708151409707, 0.999998437854472, 0), (0.9999999999971787, 3.604635448921526e-7, 0.0000016404638800793814, -0), (-1.03582711189177e-8, 1.5315346514619446, -0.007604732670697628, 0.9999999999999998) ), ( (1, 0, 0, 0), (0, 1, 0, 0), (0, 0, 1, 0), (0, 0, 0, 1) ), ( (1, 0, 0, 0), (0, 1, 0, 0), (0, 0, 1, 0), (0, 0, 0, 1) ), ( (0.9342508840298344, -0.3188602769556008, -0.159697650302835, 0), (-0.1486441118908872, 0.058873812565358154, -0.9871366761475767, 0), (0.32416065339296696, 0.9459713609371938, 0.007606209220034341, -0), (0.3279389196692799, 0.9063373190256057, -0.07381647616845977, 0.9999999999999998) ), ( (0.9434980316474944, -0.322707638741834, -0.07530566673862246, 0), (-0.06878243186609795, 0.03158758581458772, -0.9971314458796888, 0), (0.3241607524649083, 0.9459715160059977, 0.007606210235385498, -0), (0.5359200789863989, 0.8353534236946516, -0.10936803756722323, 1.0000000000000002) ), ( (0.8744732255652068, -0.473513442314464, -0.10526982356884085, 0), (-0.46980180852376113, -0.8807835585067851, 0.05921708286340279, 0), (-0.12076001311363119, -0.002327798460115082, -0.9926790656240585, 0), (0.7079247450830218, 0.7765218606495667, -0.12309669141924183, 1) ), ( (0.8350548893129487, -0.5409546454540082, -0.100253670311193, 0), (-0.5366650125783389, -0.8410460927424144, 0.06805754038215531, 0), (-0.1211340456207152, -0.0030291491311668453, -0.9926314564172316, 0), (0.7922460112787503, 0.7329312847563241, -0.13325366476555897, 1.0000000000000002) ), ( (1, 0, 0, 0), (0, 1, 0, 0), (0, 0, 1, 0), (0, 0, 0, 1) ), ( (0.9678503908366004, -0.25152622201621866, 0.0000016741913484512637, -0), (0.000001653219387764721, -2.94689995205648e-7, -0.99999999999718, -0), (-0.25152625181881677, -0.9678505100486894, -1.3061221222798266e-7, 0), (0.26127262410367424, 0.9235988836549259, -0.07381573734150768, 1) ), ( (1, 0, 0, 0), (0, 1, 0, 0), (0, 0, 1, 0), (0, 0, 0, 1) ), ( (-0.9342514099286269, -0.3188603086371157, -0.15969508547137373, 0), (0.1486413700927235, 0.05887381490578052, -0.9871370818077442, 0), (0.324160733881824, -0.9459716577176737, -0.007607114201580745, 0), (-0.3279391108402984, 0.9063374542518506, -0.07381556803084523, 1) ), ( (-0.9434983914215207, -0.3227076815608939, -0.07530308447415285, 0), (0.06877970683823231, 0.031587599726504795, -0.997131823563728, 0), (0.32416072475573526, -0.9459715212676691, -0.007607108502824225, 0), (-0.5359203779526241, 0.8353532413732979, -0.10936659728002894, 0.9999999999999999) ), ( (-0.8744734672489546, -0.47351340311033646, -0.1052674204806452, 0), (0.469801946013967, -0.8807835795842518, 0.059215789031274835, 0), (-0.12075728550044694, 0.0023278005893893347, 0.9926794311406103, 0), (-0.7079251600809836, 0.77652210257336, -0.12309473255571875, 1) ), ( (-0.8350554333611294, -0.5409547527404541, -0.10025137506298318, 0), (0.5366650791421291, -0.8410459598642613, 0.06805604297104638, 0), (-0.12113128227704097, 0.003029156986877305, 0.9926317118389483, 0), (-0.7922461926732397, 0.7329313442608978, -0.13325143790136829, 1) ), ( (1, 0, 0, 0), (0, 1, 0, 0), (0, 0, 1, 0), (0, 0, 0, 1) ), ( (-0.9678505245557082, -0.2515262257867188, 0.0000017926753966232317, 0), (-0.0000017206903832179103, -5.061276914905995e-7, -0.999999999996783, 0), (0.2515261959854032, -0.9678504053494795, 5.705717594923154e-8, 0), (-0.26151760465682733, 0.9235990144914464, -0.0738156612555869, 1) ), ( (1, 0, 0, 0), (0, 1, 0, 0), (0, 0, 1, 0), (0, 0, 0, 1) ), ( (1, 0, 0, 0), (0, 1, 0, 0), (0, 0, 1, 0), (0, 0, 0, 1) ), ( (1, 0, 0, 0), (0, 1, 0, 0), (0, 0, 1, 0), (0, 0, 0, 1) ), ( (-1.1703676241929717e-8, 0.19171693460171613, -0.981450329051339, 0), (-4.1425174289840796e-8, 0.9814503290513372, 0.19171693460171677, -0), (0.999999999999998, 4.290053666782889e-8, -3.5446690741867243e-9, 0), (-3.825862097173502e-8, 1.9389669188824046, -0.0801234531989484, 0.9999999999999999) ), ( (-2.956743740703942e-7, 0.03634977738699605, -0.9993392131188372, 0), (-4.3403929117379665e-8, 0.9993391535142705, 0.0363497736617341, -0), (0.9999999999999107, 5.412293786439785e-8, -2.939012111164264e-7, 0), (1.0895161473883216e-7, 1.9922204889795863, -0.35274317937297617, 1) ), ( (-2.915550751102662e-7, -0.03917793599636992, -0.9992323272336566, 0), (2.1830107263139426e-8, 0.9992320888151814, -0.039177924820516, 0), (0.9999999999999145, -3.323587747417628e-8, -2.904759621442418e-7, 0), (-8.72772895853241e-8, 2.0021139910604884, -0.6247533390862284, 1) ), ( (2.913346230017497e-7, -1.0848406523679768e-21, -0.9999998807906398, 0), (6.849178114189594e-7, 0.9999998807902555, 1.9954029184347566e-13, 0), (0.999999999999446, -6.849178682624296e-7, 2.9133465142331905e-7, 0), (1.0248901114828932e-7, 1.992412925671094, -0.8719262037364895, 1) ), ( (0.11242726693883082, -0.9006451072265611, 0.419760084995237, 0), (-0.5676950168526382, -0.40492658481391075, -0.7167683270420312, 0), (0.81552588584768, -0.15771139693820965, -0.5568165292659816, 0), (0.2671700608878746, 0.8543952279173027, 0.20120470103183719, 0.9999999999999999) ), ( (0.05550510002884633, -0.9248384153465266, 0.3762885601681681, 0), (-0.5743938958694369, -0.33783934829854595, -0.7456113391051735, 0), (0.8166951233904725, -0.1747526247075664, -0.5499733644148397, 0), (0.2915921984792208, 0.6587518392056952, 0.2923874434120216, 0.9999999999999999) ), ( (1, 0, 0, 0), (0, 1, 0, 0), (0, 0, 1, 0), (0, 0, 0, 1) ), ( (-0.07081068585889685, -0.9366782611644375, -0.34295703170859604, 0), (-0.17039232816166133, 0.3501252299915804, -0.9210748599728046, 0), (0.9828287154586676, -0.006784698437448239, -0.18439539692885287, 0), (-0.18445027461481325, 0.8883075995120152, -0.29591134097238825, 1) ), ( (-0.05129745517654317, -0.9418524023960037, -0.3320884838538826, 0), (-0.17243575768483999, 0.33588522136248666, -0.9259844868498318, 0), (0.9836842178946751, 0.009763280462185442, -0.17963906947550967, 0), (-0.20358015823110318, 0.6352588802607119, -0.38856300185989184, 0.9999999999999999) ), ( (1, 0, 0, 0), (0, 1, 0, 0), (0, 0, 1, 0), (0, 0, 0, 1) )]
                                            uniform token[] joints = ["n11", "n11/n12", "n11/n12/n13", "n11/n12/n13/n14", "n11/n12/n13/n14/n15", "n11/n12/n13/n14/n15/n16", "n11/n12/n13/n14/n15/n16/n17", "n11/n12/n18", "n11/n12/n18/n19", "n11/n12/n18/n19/n20", "n11/n12/n18/n19/n20/n21", "n11/n12/n18/n19/n20/n21/n22", "n11/n12/n23", "n11/n12/n23/n24", "n11/n12/n23/n24/n25", "n11/n12/n23/n24/n25/n26", "n11/n12/n23/n24/n25/n26/n27", "n11/n12/n23/n24/n25/n26/n27/n28", "n11/n12/n23/n24/n25/n26/n27/n29", "n11/n12/n23/n24/n25/n26/n27/n30", "n11/n12/n23/n24/n25/n26/n31", "n11/n12/n23/n24/n25/n32", "n11/n12/n23/n24/n25/n32/n33", "n11/n12/n23/n24/n25/n32/n33/n34", "n11/n12/n23/n24/n25/n32/n33/n34/n35", "n11/n12/n23/n24/n25/n32/n33/n34/n35/n36", "n11/n12/n23/n24/n25/n32/n33/n34/n35/n36/n37", "n11/n12/n23/n24/n25/n32/n38", "n11/n12/n23/n24/n25/n39", "n11/n12/n23/n24/n25/n39/n40", "n11/n12/n23/n24/n25/n39/n40/n41", "n11/n12/n23/n24/n25/n39/n40/n41/n42", "n11/n12/n23/n24/n25/n39/n40/n41/n42/n43", "n11/n12/n23/n24/n25/n39/n40/n41/n42/n43/n44", "n11/n12/n23/n24/n25/n39/n45", "n11/n12/n23/n24/n46", "n11/n12/n23/n24/n47", "n11/n48", "n49", "n49/n50", "n49/n50/n51", "n49/n50/n51/n52", "n53", "n53/n54", "n53/n54/n55", "n56", "n56/n57", "n56/n57/n58"]
                                            uniform matrix4d[] restTransforms = [( (0.0000014305109630186053, 0, 0.9999999999994884, 0), (0.9999999999994884, -5.115907697472721e-13, -0.000001430511474609375, 0), (0, 1.0000000000005116, -5.115907697472721e-13, 0), (0, 0.37668684124946594, -2.999999892949745e-8, 1) ), ( (0.000001490115009161741, 2.980338820179895e-8, 0.9999999701976776, 0), (0.9999999701966118, 0.000001490115009161741, -0.0000014603137969970703, 0), (-0.0000014603137969970703, 0.9999999701976776, 0, 0), (0, 0, 0, 1) ), ( (-0.9994013410113425, 0.030897314447325137, 0.015595927626452764, 0), (0.03092929752048456, 0.9995199294763135, 0.0018136578597447786, 0), (-0.015532405190298006, 0.002294942513805815, -0.9998773093129334, 0), (-3.0517577442878974e-7, 3.311774321446137e-7, 0.22693385183811188, 1) ), ( (0.9994124190018481, -0.03427907799030875, -9.313224531860469e-10, 0), (0.03427907799030875, 0.9994124190018481, -9.094945451761131e-11, 0), (9.33892777871941e-10, 5.897113297332268e-11, 1.0000001192092896, 0), (0.1656821221113205, 1.734723475976807e-18, 2.7755575615628914e-17, 1) ), ( (0.9998736213518121, 0.0033473225323558983, 0.015533780443259692, 0), (-0.0033833926252011667, 0.9999914608516686, 0.0022963558168117436, 0), (-0.015525963930594418, -0.002348622905300895, 0.9998765873810292, 0), (0.14286267757415771, -2.98023217215615e-10, -1.907348590179936e-8, 1) ), ( (-1.3435887250187446e-7, 1.000000253568162, 4.656613857584567e-10, 0), (-1.0000000747542037, -1.3435884847663872e-7, -9.313188956399825e-10, 0), (-9.313190621727882e-10, -4.656613857584567e-10, 1.0000001192092896, 0), (0.06581702828407288, 0.07837625592947006, 0, 1) ), ( (1, 1.2246468525805525e-16, 1.389845541176813e-16, 0), (-1.2246468525897832e-16, 1, 6.641524136208332e-12, 0), (1.3898455411686793e-16, 6.641524136208332e-12, -1, 0), (0.02462947741150856, -4.336808689942018e-19, 2.7755575615628914e-17, 1) ), ( (-0.9994009889537544, 0.030897308910603983, -0.015598954902541881, 0), (0.030929336616340838, 0.9995199233303702, -0.0018163201222068867, 0), (0.015535346805430044, -0.0022976973820394483, -0.9998768331232616, 0), (3.0517577442878974e-7, -2.982464479828195e-7, -0.22693385183811188, 1) ), ( (0.9994124188741298, -0.03427908171505215, -9.313225667333199e-10, 0), (0.034279077628667665, 0.9994122997348995, 1.8553690175665742e-10, 0), (9.244151937413002e-10, -2.1735276167498004e-10, 1.0000001192092896, 0), (0.1656821221113205, -1.19209286886246e-9, -2.7755575615628914e-17, 1) ), ( (0.999873618504356, 0.003347326041930092, -0.015533962981686073, 0), (-0.003383397574297127, 0.999991758858782, -0.002296356630732767, 0), (0.015526148309662514, 0.002348623987017617, 0.9998767037396203, 0), (0.14286266267299652, -2.98023217215615e-10, -3.814697180359872e-8, 1) ), ( (-1.343588404682268e-7, 1.000000015149551, 6.982646706718783e-10, 0), (-1.0000001343588565, -1.3435885648505064e-7, -9.313219461024839e-9, 0), (-9.313218350802563e-9, -6.982646706718783e-10, 0.9999998807907104, 0), (0.06581702828407288, 0.07837625592947006, 2.7755575615628914e-17, 1) ), ( (1, 2.117582368135751e-22, 2.752857078576476e-21, 0), (-2.117582368135751e-22, 1, 2.5793414048092735e-22, 0), (-2.752857078576476e-21, -2.5793414048092735e-22, 1, 0), (0.02462947741150856, 0, 2.7755575615628914e-17, 1) ), ( (0.9999996829378159, 0.0007963180096213164, 0.0000013856951687167885, 0), (-0.0007963180038486116, 0.9999996829301215, -0.000004161504041731018, 0), (-0.0000013890086098398272, 0.0000041603992683082085, 0.9999999999903809, 0), (0.1445130854845047, -0.00018338262452743948, 2.0066508454874565e-7, 1) ), ( (1, 1.0842021687467313e-19, 1.3988810110276972e-14, 0), (-1.0842021762242776e-19, 1, 5.3453769188749334e-14, 0), (-1.3988810110276972e-14, -5.3453769188749334e-14, 1, 0), (0.23032927513122559, -0.0002476252266205847, -6.868139945659379e-10, 1) ), ( (1, -1.0842021623019994e-19, -1.7319479184152442e-14, 0), (1.0842020534220388e-19, 1, -6.286560898585702e-13, 0), (1.7319479184152442e-14, 6.286560898585702e-13, 1, 0), (0.3109866976737976, -0.08617239445447922, 1.0992248000718519e-8, 1) ), ( (0.9958091848372932, 0.0914552850347583, 2.5366426458556035e-7, 0), (-0.0914552850347583, 0.9958091848373254, -1.1623560361338635e-8, 0), (-2.536642405652765e-7, -1.1624084550982424e-8, 0.9999999999999678, 0), (0.0011801146902143955, 9.53674295089968e-9, 3.979039760713694e-15, 1) ), ( (0.9958956864500851, -0.09050847061962647, -6.167623987680475e-7, 0), (0.09050847061948825, 0.9958956864502576, -2.4851596429713675e-7, 0), (6.367238085958561e-7, 1.9167376610230053e-7, 0.999999999999779, 0), (0.4730231463909149, 0.035080719739198685, -1.5263468355897203e-7, 1) ), ( (0.0007962824015571779, 0.9999996037341814, 0.000002773599373308359, 0), (0.9999996037380279, -0.0007963624257323615, -1.2030963169263484e-13, 0), (2.2085594760494357e-9, 0.0000027735988246321966, -1.0000000800203352, 0), (0.3558415174484253, -1.19209286886246e-9, -2.713152409173931e-22, 1) ), ( (0.1900068099814558, -0.9817827610827348, -0.0000014305112730249424, 0), (0.9817827610836847, 0.19000680998060426, 7.105941020003545e-7, 0), (-4.258421812806803e-7, -0.0000015394690372629271, 0.9999999999987244, 0), (0.407304972410202, -0.07323041558265686, -3.63797872577655e-14, 1) ), ( (1, 0, 0, 0), (0, 1, 0, 0), (0, 0, 1, 0), (0, 0, 0, 1) ), ( (1, 1.3877787807814457e-17, -1.720535676575488e-22, 0), (-1.3877787807814457e-17, 1, -3.552713678800501e-14, 0), (1.7205356716451072e-22, 3.552713678800501e-14, 1, 0), (0.39754021167755127, -2.7755575615628914e-17, -3.1763735522036263e-22, 1) ), ( (-0.25152622479057407, 0.00019760719483608719, 0.967850517538999, 0), (-0.0007963473720319289, -0.9999997668941845, -0.000002784597565065605, 0), (0.9678502100945036, -0.0007714455829640685, 0.2515262184158187, 0), (-0.12171386182308197, 0.012452716939151287, 0.19509576261043549, 1) ), ( (0.9844171594415546, 0.15969633016216087, -0.0736202423342332, 0), (-0.1586722154243491, 0.9871368223471485, 0.01959347481429071, 0), (0.07580226249674066, -0.007606666996105904, 0.9970938551331321, 0), (0.13725580275058746, 4.76837147544984e-9, -1.1102230246251565e-16, 1) ), ( (0.9963887223487238, -0.08490745361392835, -8.940695661109381e-8, 0), (0.08490745361392885, 0.9963887223487278, 1.8626452402186696e-9, 0), (8.892594141137293e-8, -9.44723673091699e-9, 0.9999998807907065, 0), (0.22261807322502136, 4.76837147544984e-9, 0, 1) ), ( (0.9857977817027204, 0.02986228376093383, -0.1652610569761243, 0), (-0.16348089327874354, -0.05455490956094013, -0.9850369077571259, 0), (-0.03843124925244665, 0.9980642828410585, -0.04889819957033523, 0), (0.18230527639389038, 0, 0, 1) ), ( (0.9969359823430021, 0.07821718549116091, -0.00006228277381512692, 0), (-0.07821723359897138, 0.9969359633744707, -0.00079386433739371, 0), (-1.895685570957206e-9, 0.0007963037940435911, 0.9999996233454266, 0), (0.09544650465250015, -0.0018215941963717341, 0.0000014591216768167214, 1) ), ( (0.999999880790682, -2.384185506041489e-7, -2.444721078354075e-9, 0), (2.3841852233384776e-7, 0.9999997615813906, 6.193293615453054e-8, 0), (2.444706166673739e-9, -6.193294042888722e-8, 0.9999998211860638, 0), (0.11144649237394333, -2.220446049250313e-16, 4.76837147544984e-9, 1) ), ( (1.0000000000001137, -0.000002929477243896068, 1.6391278523360034e-7, 0), (0.0000029294771657360654, 1.0000000000000133, 4.768371709198566e-7, 0), (1.6391418211651962e-7, 4.768366907390426e-7, -0.9999999999998729, 0), (0.06839105486869812, -6.53266909012018e-7, -0.00006172180292196572, 1) ), ( (-0.2515262226409234, 0.00020296603949610664, -0.9678505169680769, 0), (-0.0007963074016957769, -0.9999997668941845, -0.0000027626417849167806, 0), (-0.9678502106654256, 0.0007700116213385198, 0.25152622056546936, 0), (-0.12171386182308197, 0.012453794479370117, -0.19509615004062653, 1) ), ( (0.9844170878871719, 0.15969638963525876, 0.07362028698436157, 0), (-0.15867231259766754, 0.9871369894117448, -0.019593479373126752, 0), (-0.07580231145578503, 0.007606656436515313, 0.9970938518564074, 0), (0.13725586235523224, 4.76837147544984e-9, 0, 1) ), ( (0.9963892031625853, -0.08490742710627625, 5.960464324152049e-8, 0), (0.08490740686277594, 0.996388965604974, -7.45058126298726e-9, 0), (-5.875677113361842e-8, 1.2484548398907305e-8, 0.9999999999999982, 0), (0.22261804342269897, 1.3877787807814457e-17, 0, 1) ), ( (0.9857975733419957, 0.02986233884034761, 0.16526120225656296, 0), (-0.16348111011158462, -0.0545549510184388, 0.9850371016522356, 0), (0.03843131913888374, -0.9980638532662974, -0.0488981889704829, 0), (0.1823052316904068, -2.8610228852699038e-8, -7.629394360719743e-8, 1) ), ( (0.9969360976902041, 0.07821723951532863, 0.00006220561252810738, 0), (-0.07821728289957879, 0.9969360193044021, 0.0007938583782009745, 0), (7.839374935797818e-8, -0.0007962917700071599, 0.9999996233549988, 0), (0.09544658660888672, -0.0018215941963717341, -0.0000014591216768167214, 1) ), ( (0.9999998807907136, -5.32632031076241e-7, 1.4749821550973188e-7, 0), (5.326319788457663e-7, 0.9999997615814316, -7.636847178936189e-8, 0), (1.4749819241656135e-7, -7.636856855931159e-8, -0.9999999999999862, 0), (0.11144641786813736, -1.5258788721439487e-7, 1.907348590179936e-8, 1) ), ( (0.9999999999998729, -4.768371822253953e-7, -1.6391276913611547e-7, 0), (4.768372478676924e-7, 0.9999999999998062, 4.0047111227183537e-7, 0), (1.6391257817656695e-7, -4.004711904314982e-7, 0.9999999999999064, 0), (0.06862790882587433, 0, 7.629394360719743e-8, 1) ), ( (-0.9369510740856359, -0.3422113234343924, -0.07081012232381134, 0), (0.3493918250273773, -0.9213524033620759, -0.17039683135622385, 0), (-0.006929352474647952, -0.18439399597597506, 0.9828281012214893, 0), (0.13654281198978424, -0.2957723140716553, -0.1844506859779358, 1) ), ( (-0.9003109053986833, 0.4204764699053709, 0.11242777905466683, 0), (-0.40549736814417703, -0.7164473793652412, -0.567692780218569, 0), (-0.1581528756426276, -0.5566891453581696, 0.8155273644475083, 0), (0.10302627086639404, 0.2013700008392334, 0.26717036962509155, 1) ), ( (0.0000013829272162979578, 0.9999999657710035, 9.848670431614006e-34, 0), (-0.9999999657710035, 0.0000013829272162979578, -1.4923488257763104e-33, 0), (-1.4923501540643221e-33, -9.84865030430874e-34, 1, 0), (0, 0, -0.3742445409297943, 1) ), ( (-2.9482698948868347e-8, 0.19171697270763843, -0.9814502847017863, 0), (0, 0.9814501967200935, 0.19171696128041638, 0), (1.000000029482699, 0, -2.9482698948868347e-8, 0), (-3.825865846351917e-8, 1.938966989517212, -0.08012345433235168, 1) ), ( (0.9877705112282046, -0.15591479248907927, -2.9057277884538494e-7, 0), (0.15591479248908566, 0.9877705112282463, -6.621166139409748e-10, 0), (2.871224568409694e-7, -4.465056530375735e-8, 0.9999999999999578, 0), (0.2777722179889679, 0, 1.5046111911942717e-7, 1) ), ( (0.9971476566849597, -0.07547391997839793, -2.725073337192567e-14, 0), (0.07547391997839765, 0.997147656684956, 8.742670859140047e-8, 0), (-6.5984105217729e-9, -8.71773604558457e-8, 0.9999999999999962, 0), (0.27219006419181824, -2.220446049250313e-16, -1.1574924485557858e-7, 1) ), ( (0.9992321313026961, 0.03917792034202136, -2.6286578064677688e-14, 0), (-0.03917792034201305, 0.9992321313024839, 6.51682606469398e-7, 0), (2.5531600124624247e-8, -6.511823540482972e-7, 0.9999999999997876, 0), (0.2473631203174591, -0.000010375976671639364, 2.6188652668679424e-7, 1) ), ( (0.11242730266365264, -0.9006450748501615, 0.41976009886220744, 0), (-0.5676950771788958, -0.4049265855952715, -0.7167682634796417, 0), (0.8155258369883267, -0.1577114242308415, -0.5568165748595248, 0), (0.2671700716018677, 0.8543952107429504, 0.20120473206043243, 1) ), ( (0.9971423865321972, 0.07326999142210205, -0.018400251755884348, 0), (-0.07328209070549135, 0.9973112527353507, 0.000016745265307410023, 0), (0.018352005054134354, 0.0013317115216375693, 0.9998307008941961, 0), (0.21722571551799774, -7.629394360719743e-8, 2.8610228852699038e-8, 1) ), ( (0.9997692412279302, 0.021481719881013828, -2.980231886912352e-8, 0), (-0.02148171988101949, 0.9997692412279094, -2.048909406998254e-7, 0), (2.539403187598639e-8, 2.0548386539073492e-7, 0.9999999999999786, 0), (0.23153747618198395, 0, 2.384185648907078e-8, 1) ), ( (-0.07081062790255288, -0.9366783338104838, -0.34295704611007594, 0), (-0.170392294517816, 0.35012517996849857, -0.9210747493567235, 0), (0.982828664551424, -0.006784651341321649, -0.18439534973614863, 0), (-0.18445025384426117, 0.8883075714111328, -0.29591137170791626, 1) ), ( (0.9997371680211284, -0.015147268580886015, 0.017209158627561633, 0), (0.015166824917720461, 0.9998844705798464, -0.0010064388442912907, 0), (-0.017191925664255574, 0.0012671826113816427, 0.9998514049323993, 0), (0.2701553702354431, -7.629394360719743e-8, -9.53674295089968e-9, 1) ), ( (0.9969475312829169, 0.03395867529026958, -0.0703024065807572, 0), (-0.034128951650626294, 0.9994166906154086, -0.001221966997645152, 0), (0.07021990214850254, 0.0036175843658656226, 0.9975249763944304, 0), (0.2658845782279968, 3.814697180359872e-8, -9.53674295089968e-9, 1) )]
                                        }

                                        def SkelAnimation "RUN"
                                        {
                                            uniform token[] joints = ["n11", "n11/n12", "n11/n12/n13", "n11/n12/n13/n14", "n11/n12/n13/n14/n15", "n11/n12/n13/n14/n15/n16", "n11/n12/n13/n14/n15/n16/n17", "n11/n12/n18", "n11/n12/n18/n19", "n11/n12/n18/n19/n20", "n11/n12/n18/n19/n20/n21", "n11/n12/n18/n19/n20/n21/n22", "n11/n12/n23", "n11/n12/n23/n24", "n11/n12/n23/n24/n25", "n11/n12/n23/n24/n25/n26", "n11/n12/n23/n24/n25/n26/n27", "n11/n12/n23/n24/n25/n26/n27/n28", "n11/n12/n23/n24/n25/n26/n27/n29", "n11/n12/n23/n24/n25/n26/n27/n30", "n11/n12/n23/n24/n25/n26/n31", "n11/n12/n23/n24/n25/n32", "n11/n12/n23/n24/n25/n32/n33", "n11/n12/n23/n24/n25/n32/n33/n34", "n11/n12/n23/n24/n25/n32/n33/n34/n35", "n11/n12/n23/n24/n25/n32/n33/n34/n35/n36", "n11/n12/n23/n24/n25/n32/n33/n34/n35/n36/n37", "n11/n12/n23/n24/n25/n32/n38", "n11/n12/n23/n24/n25/n39", "n11/n12/n23/n24/n25/n39/n40", "n11/n12/n23/n24/n25/n39/n40/n41", "n11/n12/n23/n24/n25/n39/n40/n41/n42", "n11/n12/n23/n24/n25/n39/n40/n41/n42/n43", "n11/n12/n23/n24/n25/n39/n40/n41/n42/n43/n44", "n11/n12/n23/n24/n25/n39/n45", "n11/n12/n23/n24/n46", "n11/n12/n23/n24/n47", "n11/n48", "n49", "n49/n50", "n49/n50/n51", "n49/n50/n51/n52", "n53", "n53/n54", "n53/n54/n55", "n56", "n56/n57", "n56/n57/n58"]
                                            quatf[] rotations.timeSamples = {
