#usda 1.0
(
    defaultPrim = "root"
    doc = "Blender v4.4.3"
    endTimeCode = 250
    metersPerUnit = 1
    startTimeCode = 1
    timeCodesPerSecond = 24
    upAxis = "Z"
)

def Xform "root" (
    customData = {
        dictionary Blender = {
            bool generated = 1
        }
    }
)
{
    def Xform "SB_GameStation___Patrick__Santa_"
    {
        custom string userProperties:blender:object_name = "SB GameStation - Patrick (Santa)"
        float3 xformOp:rotateXYZ = (0, -0, 0)
        float3 xformOp:scale = (0.010299999, 0.010300001, 0.010300001)
        double3 xformOp:translate = (0, 0, 0)
        uniform token[] xformOpOrder = ["xformOp:translate", "xformOp:rotateXYZ", "xformOp:scale"]

        def SkelRoot "Object_4"
        {
            custom string userProperties:blender:object_name = "Object_4"
            float3 xformOp:rotateXYZ.timeSamples = {
                1: (0, -0, 0),
            }
            float3 xformOp:scale.timeSamples = {
                1: (1, 0.99999994, 0.99999994),
            }
            double3 xformOp:translate.timeSamples = {
                1: (0, 0, 0),
            }
            uniform token[] xformOpOrder = ["xformOp:translate", "xformOp:rotateXYZ", "xformOp:scale"]

            def Skeleton "Armature_001" (
                prepend apiSchemas = ["SkelBindingAPI"]
            )
            {
                uniform matrix4d[] bindTransforms = [( (1, 3.422854533141617e-8, -1.1715933145108092e-15, 0), (0, 3.422854533141617e-8, 1, 0), (3.422854533141617e-8, -1, 0, 0), (0, 0, 0, 1) ), ( (1, 8.49807406666514e-8, -1.1715932086316908e-15, 0), (-1.856457922692816e-24, 3.422854177870249e-8, 0.9999999403953552, 0), (8.49807406666514e-8, -1, -1.210017799492698e-15, 0), (0, 0, 0, 1) ), ( (1, 3.422854533141617e-8, -1.1715933145108092e-15, 0), (-1.2152350495654304e-22, 3.422854533141617e-8, 0.9999999403953552, 0), (3.422854533141617e-8, -1, 3.5057202908868323e-15, 0), (2.117582368135751e-22, -4.0803601477983585e-15, -1.1920928244535389e-7, 1) ), ( (0.0000016207926591960131, 3.423269490099301e-8, 0.9999999403953552, 0), (0.0000026524069198785583, -0.9999999403953552, 3.50571711451328e-15, 0), (1, 0.000002652413513715146, -0.0000016207925455091754, 0), (3.0955618656510614e-14, 5.759691745765849e-8, 0.3766866624355316, 1) ), ( (0.01559712365269661, -0.030897414311766624, -0.9994007349014282, 0), (0.0018161271000280976, -0.9995202422142029, 0.03092942200601101, 0), (-0.9998766779899597, -0.0022974484600126743, -0.015533520840108395, 0), (0.22693385183811188, 3.1679266498940706e-7, 0.3766866624355316, 1) ), ( (0.015525776892900467, 0.0033834169153124094, -0.9998736381530762, 0), (0.00234975921921432, -0.9999918937683105, -0.003347334684804082, 0), (-0.9998766779899597, -0.0022974922321736813, -0.015533595345914364, 0), (0.22951802611351013, -0.005118876695632935, 0.21110384166240692, 1) ), ( (-7.450580596923828e-8, -1.6808189684525132e-7, -0.9999998807907104, 0), (0.000001294771209359169, -1.000000238418579, 1.6166814020834863e-7, 0), (-1, -0.0000012938398867845535, 7.35744833946228e-8, 0), (0.23173607885837555, -0.004635512363165617, 0.06825914978981018, 1) ), ( (1, -8.882852853275836e-8, -2.461904387018876e-7, 0), (1.9784758364949084e-7, -1.4027146733042173e-7, 0.9999998807907104, 0), (-8.789686489762971e-8, -1.000000238418579, -1.4668499659364898e-7, 0), (-7.069263574521756e-8, -4.190951585769653e-8, -1.4901161193847656e-7, 1) ), ( (1, -1.1615696138278508e-7, -2.2744168859389902e-7, 0), (1.7909883354150224e-7, -1.2644476043988107e-7, 0.9999998807907104, 0), (-1.1522529064222908e-7, -1.000000238418579, -1.328582897031083e-7, 0), (-6.616247105739603e-8, -4.525038832525752e-8, -1.4901161193847656e-7, 1) ), ( (-0.015597622841596603, -0.030897466465830803, -0.999400794506073, 0), (-0.0018137824954465032, -0.9995197057723999, 0.03092941828072071, 0), (-0.9998766779899597, 0.0022951215505599976, 0.015534092672169209, 0), (-0.22693385183811188, -2.4630227812849625e-7, 0.376686692237854, 1) ), ( (-0.015526262111961842, 0.003383226692676544, -0.999873697757721, 0), (-0.0023473596666008234, -0.9999914169311523, -0.0033472185023128986, 0), (-0.9998766779899597, 0.0022950938437134027, 0.015534073114395142, 0), (-0.2295181304216385, -0.005119358189404011, 0.2111038863658905, 1) ), ( (-7.636845111846924e-8, -1.276166585739702e-7, -0.9999999403953552, 0), (0.0000014193356037139893, -0.9999997019767761, 8.535789675079286e-8, 0), (-1, -0.0000014186371117830276, 7.636845111846924e-8, 0), (-0.2317361980676651, -0.004636021330952644, 0.06825926899909973, 1) ), ( (1, -2.1569007913058158e-8, -3.106551673681679e-7, 0), (2.6138098974115564e-7, -1.8073649243888212e-7, 0.9999999403953552, 0), (-2.0871084416285157e-8, -0.9999997019767761, -2.2299522584035003e-7, 0), (-1.0119951099341051e-7, 4.842877388000488e-8, -6.705522537231445e-8, 1) ), ( (1, -7.196517515239975e-8, -2.567419983279251e-7, 0), (2.0746782070091285e-7, -1.825786739573232e-7, 0.9999999403953552, 0), (-7.126725165562675e-8, -0.9999997019767761, -2.2483739314793638e-7, 0), (-8.817275443107064e-8, 4.887388627139444e-8, -5.2154071283894154e-8, 1) ), ( (1.528758275526343e-7, -0.000796231790445745, 0.9999996423721313, 0), (-0.0000015801565496076364, -0.9999996423721313, -0.0007962660165503621, 0), (1, -0.0000015800274013599847, -1.541338860988617e-7, 0), (1.4700233919029415e-8, 0.0001834511203924194, 0.5211997032165527, 1) ), ( (1.030501195486977e-7, -0.0007961723022162914, 0.9999996423721313, 0), (-0.0000015801574591023382, -0.9999996423721313, -0.0007962065283209085, 0), (1, -0.0000015800679875610513, -1.0430809993522416e-7, 0), (3.843024032335052e-8, 0.00024766812566667795, 0.7515290975570679, 1) ), ( (0.9999999403953552, -1.329149199591484e-7, -6.309882394361921e-8, 0), (1.6461139296097826e-7, 8.847469423756138e-9, 0.9999998807907104, 0), (-1.329217411694117e-7, -0.9999999403953552, -2.537869114860314e-8, 0), (-3.890174937737356e-8, -1.3445969671010971e-8, -1.1920928955078125e-7, 1) ), ( (-5.382741008475023e-8, -0.09224800765514374, 0.9957359433174133, 0), (-0.0000014886444432704593, -0.9957360029220581, -0.09224804490804672, 0), (0.9999999403953552, -0.0000014293158301370568, 2.3514134639412987e-8, 0), (2.792110649352253e-7, 0.08617138862609863, 1.0637644529342651, 1) ), ( (-3.2291785601046286e-7, -0.0017468556761741638, 0.9999983906745911, 0), (-0.0000016762224959165906, -0.9999983906745911, -0.0017468929290771484, 0), (0.9999999403953552, -0.0000016188375866477145, 4.272299349850073e-7, 0), (1.556521880274886e-7, 0.007604837417602539, 1.5315344333648682, 1) ), ( (1, 3.820491656369995e-8, 4.9323148232360836e-8, 0), (-5.025475502407062e-8, -7.113019506732599e-8, 1, 0), (-1.9741150936170015e-8, -0.9999999403953552, -1.0849836939996749e-7, 0), (9.89506929727213e-8, 6.51925802230835e-8, -4.76837158203125e-7, 1) ), ( (1, 3.820491656369995e-8, 4.9323148232360836e-8, 0), (-5.025475502407062e-8, -7.113019506732599e-8, 1, 0), (-1.9741150936170015e-8, -0.9999999403953552, -1.0849836939996749e-7, 0), (9.89506929727213e-8, 6.51925802230835e-8, -4.76837158203125e-7, 1) ), ( (-3.229178275887534e-7, -0.001746825291775167, 0.9999983906745911, 0), (-0.0000016762223822297528, -0.9999983906745911, -0.0017468625446781516, 0), (0.9999999403953552, -0.0000016188374729608768, 4.272299634067167e-7, 0), (1.5565198907552258e-7, 0.00760495662689209, 1.5315345525741577, 1) ), ( (0.9999999403953552, -1.6029957805585582e-7, 1.8930535361505463e-7, 0), (-2.0581829573984578e-8, -1.1175855973988291e-7, 0.9999998807907104, 0), (-2.1718210518884007e-7, -0.9999999403953552, -1.5646216411369096e-7, 0), (8.008741758658289e-8, -9.685754776000977e-8, -1.1920928955078125e-7, 1) ), ( (0.9999999403953552, -1.2586609443587804e-7, -6.310047950819353e-8, 0), (1.6461305563097994e-7, -1.5832576139018784e-8, 0.9999998807907104, 0), (-1.2587291564614134e-7, -0.9999999403953552, -5.005873759955648e-8, 0), (-3.8903536392354e-8, 1.2893794476553921e-8, -1.1920928955078125e-7, 1) ), ( (0.9342508316040039, 0.15969756245613098, -0.31886026263237, 0), (-0.14864395558834076, 0.9871366024017334, 0.05887395888566971, 0), (0.32416072487831116, -0.007606360595673323, 0.9459713697433472, 0), (0.327938973903656, 0.07381641864776611, 0.9063369631767273, 1) ), ( (0.9434980750083923, 0.0753055214881897, -0.3227077126502991, 0), (-0.0687822699546814, 0.9971314072608948, 0.031587596982717514, 0), (0.32416075468063354, -0.007606234401464462, 0.9459713697433472, 0), (0.5359201431274414, 0.10936783254146576, 0.8353530764579773, 1) ), ( (0.874472975730896, 0.10526962578296661, -0.47351372241973877, 0), (-0.4698021411895752, -0.05921673774719238, -0.8807833194732666, 0), (-0.12075966596603394, 0.9926789402961731, -0.0023275278508663177, 0), (0.7079247832298279, 0.12309647351503372, 0.7765215635299683, 1) ), ( (0.8350550532341003, 0.10025354474782944, -0.5409548878669739, 0), (-0.5366652607917786, -0.068057119846344, -0.841046154499054, 0), (-0.12113367766141891, 0.9926314949989319, -0.003028837963938713, 0), (0.7922459840774536, 0.13325339555740356, 0.7329309582710266, 1) ), ( (0.999999463558197, -2.384185791015625e-7, -3.293389454483986e-7, 0), (-2.922024577856064e-8, -2.644956111907959e-7, 0.9999998807907104, 0), (-2.60770320892334e-7, -0.9999999403953552, -2.6961788535118103e-7, 0), (-1.1920928955078125e-7, 2.5331974029541016e-7, -1.7881393432617188e-7, 1) ), ( (-0.9678503274917603, 0.0000018131266870113905, 0.2515263557434082, 0), (-0.0000017356760508846492, -0.9999998807907104, 4.955718395649455e-7, 0), (0.25152644515037537, 2.5785382717913308e-8, 0.9678503274917603, 0), (0.261272668838501, 0.07381565123796463, 0.9235984683036804, 1) ), ( (0.9999999403953552, -2.501251117337233e-8, -6.31005008244756e-8, 0), (1.6461306984183466e-7, -1.5832576139018784e-8, 0.9999998807907104, 0), (-2.5019339489062986e-8, -0.9999999403953552, -5.005874470498384e-8, 0), (-3.8903536392354e-8, 1.2893794476553921e-8, -1.1920928955078125e-7, 1) ), ( (-0.9342513084411621, 0.1596951186656952, -0.31886017322540283, 0), (0.14864155650138855, 0.9871373176574707, 0.05887369066476822, 0), (0.32416045665740967, 0.007607012055814266, -0.9459713697433472, 0), (-0.32793891429901123, 0.07381564378738403, 0.9063371419906616, 1) ), ( (-0.9434983730316162, 0.07530295848846436, -0.3227076232433319, 0), (0.06877980381250381, 0.9971319437026978, 0.03158723562955856, 0), (0.32416048645973206, 0.007606804370880127, -0.9459713697433472, 0), (-0.5359202027320862, 0.10936674475669861, 0.8353529572486877, 1) ), ( (-0.8744732141494751, 0.10526750236749649, -0.47351381182670593, 0), (0.46980226039886475, -0.059215664863586426, -0.8807830810546875, 0), (-0.12075729668140411, -0.9926794767379761, 0.002327375113964081, 0), (-0.707925021648407, 0.12309493124485016, 0.7765218019485474, 1) ), ( (-0.835055410861969, 0.1002514436841011, -0.5409547686576843, 0), (0.5366652011871338, -0.06805597990751266, -0.8410459756851196, 0), (-0.12113131582736969, -0.9926320314407349, 0.0030288388952612877, 0), (-0.7922461628913879, 0.13325165212154388, 0.7329311370849609, 1) ), ( (1.0000004768371582, 5.960464477539063e-8, 5.154870450496674e-7, 0), (1.1097290553152561e-7, -1.8649734556674957e-7, 0.9999998211860657, 0), (1.4901161193847656e-8, -1.0000001192092896, -3.7602148950099945e-7, 0), (2.980232238769531e-7, 2.980232238769531e-7, -1.1920928955078125e-7, 1) ), ( (-0.9678505659103394, -0.0000017269022691834834, -0.25152587890625, 0), (-0.0000016465835415147012, 0.9999995827674866, -4.955336976308899e-7, 0), (0.25152575969696045, -1.673210334729447e-7, -0.967850387096405, 0), (-0.2615174353122711, 0.07381568849086761, 0.9235987067222595, 1) ), ( (0.9999999403953552, -1.3291469258547295e-7, -3.9873960133718356e-8, 0), (1.646114355935424e-7, 3.2072325240051214e-8, 0.9999998807907104, 0), (-1.3292162748257397e-7, -0.9999999403953552, -2.153834444129643e-9, 0), (-3.890174937737356e-8, -1.3445969671010971e-8, -1.1920928955078125e-7, 1) ), ( (0.9999999403953552, -1.3291469258547295e-7, -3.9873960133718356e-8, 0), (1.646114355935424e-7, 3.2072325240051214e-8, 0.9999998807907104, 0), (-1.3292162748257397e-7, -0.9999999403953552, -2.153834444129643e-9, 0), (-3.890174937737356e-8, -1.3445969671010971e-8, -1.1920928955078125e-7, 1) ), ( (1, 3.422854533141617e-8, -1.1715933145108092e-15, 0), (-4.0817076874877307e-23, 3.422854177870249e-8, 0.9999999403953552, 0), (3.422854533141617e-8, -1, 1.1478514045157448e-15, 0), (1.8135717835704015e-22, -4.21227197680606e-15, -1.4901159772762185e-7, 1) ), ( (1.0488197688118817e-7, 0.9814503192901611, 0.19171684980392456, 0), (-4.331240077704024e-8, -0.19171686470508575, 0.9814503788948059, 0), (1, -1.0500906455490622e-7, 2.9802318834981634e-8, 0), (-3.82586193836687e-8, 0.0801234245300293, 1.9389666318893433, 1) ), ( (-3.274201674230426e-7, 0.99933922290802, 0.03634975850582123, 0), (-5.0029520082262025e-8, -0.036349788308143616, 0.9993392825126648, 0), (1, 3.3161634860334743e-7, 6.929910512099013e-8, 0), (1.5250108731379441e-7, 0.35274308919906616, 1.9922202825546265, 1) ), ( (-1.6230343646839174e-7, 0.9992324113845825, -0.039177920669317245, 0), (1.1853846615395014e-7, 0.03917788341641426, 0.9992324113845825, 0), (1, 1.6376583289456903e-7, -1.1740519312297693e-7, 0), (-7.611760111103649e-10, 0.6247531771659851, 2.0021135807037354, 1) ), ( (2.5387942059751367e-7, 1.0000001192092896, -7.82311460056917e-8, 0), (7.681970828343765e-7, 4.097829986449142e-8, 1.000000238418579, 0), (1, -2.476484155522485e-7, -7.607962402289559e-7, 0), (2.2731470039616397e-7, 0.8719260692596436, 1.9924125671386719, 1) ), ( (0.11242745071649551, -0.41976022720336914, -0.9006448984146118, 0), (-0.5676948428153992, 0.716768205165863, -0.4049266576766968, 0), (0.8155259490013123, 0.5568163990974426, -0.15771114826202393, 0), (0.2671700716018677, -0.20120471715927124, 0.8543950319290161, 1) ), ( (0.05550522357225418, -0.3762887120246887, -0.9248381853103638, 0), (-0.5743937492370605, 0.7456111907958984, -0.33783942461013794, 0), (0.8166950345039368, 0.5499732494354248, -0.17475245893001556, 0), (0.29159218072891235, -0.292387455701828, 0.6587516069412231, 1) ), ( (0.9999997019767761, -2.9802322387695312e-8, -3.725290298461914e-7, 0), (3.427267074584961e-7, 0, 0.9999996423721313, 0), (-5.960464477539063e-8, -0.9999998807907104, -1.4156103134155273e-7, 0), (-1.1920928955078125e-7, 0, -4.172325134277344e-7, 1) ), ( (-0.07081043720245361, 0.342957466840744, -0.9366781115531921, 0), (-0.17039240896701813, 0.9210748076438904, 0.35012558102607727, 0), (0.9828287363052368, 0.184395432472229, -0.006784341763705015, 0), (-0.18445026874542236, 0.29591137170791626, 0.888307511806488, 1) ), ( (-0.051297444850206375, 0.3320886492729187, -0.9418522119522095, 0), (-0.1724359393119812, 0.9259845018386841, 0.3358853757381439, 0), (0.9836841821670532, 0.17963926494121552, 0.009763391688466072, 0), (-0.2035800963640213, 0.38856297731399536, 0.6352589130401611, 1) ), ( (1.000000238418579, 1.1920928955078125e-7, 3.91155481338501e-8, 0), (-1.0244548320770264e-8, -1.360895112156868e-7, 1.0000001192092896, 0), (1.1920928955078125e-7, -1.000000238418579, -2.885935828089714e-7, 0), (1.1920928955078125e-7, 2.384185791015625e-7, 1.7881393432617188e-7, 1) ), ( (1, 8.49807406666514e-8, -1.171592996873454e-15, 0), (-2.3264899014515724e-22, 3.4228538225988814e-8, 0.9999998807907104, 0), (8.49807406666514e-8, -1, -1.210017799492698e-15, 0), (2.117582368135751e-22, -4.0803601477983585e-15, -1.1920928244535389e-7, 1) ), ( (1, 8.49807406666514e-8, -1.1715932086316908e-15, 0), (-3.309066267349042e-22, 3.4228538225988814e-8, 0.9999998211860657, 0), (8.49807406666514e-8, -1, 2.6620377824553964e-15, 0), (3.0191223980101043e-22, -7.63307382659886e-15, -1.1920928244535389e-7, 1) ), ( (1, 8.49807406666514e-8, -1.1715936321481644e-15, 0), (1.3067838091203945e-22, 3.4228538225988814e-8, 0.9999998211860657, 0), (8.49807406666514e-8, -1, 2.6620377824553964e-15, 0), (-1.216041833390418e-22, -1.1713433974397218e-14, -2.3841855067985307e-7, 1) ), ( (1, 8.49807406666514e-8, -1.1715934203899276e-15, 0), (-1.0011412291143239e-22, 3.4228538225988814e-8, 0.9999998211860657, 0), (8.49807406666514e-8, -1, 2.6620377824553964e-15, 0), (9.015405347453328e-23, -1.1713433974397218e-14, -2.3841855067985307e-7, 1) ), ( (1, 8.49807406666514e-8, -1.1715934203899276e-15, 0), (-1.0011412291143239e-22, 3.4228538225988814e-8, 0.9999998211860657, 0), (8.49807406666514e-8, -1, 2.6620377824553964e-15, 0), (9.015405347453328e-23, -1.1713433974397218e-14, -2.3841855067985307e-7, 1) ), ( (1, 8.49807406666514e-8, -1.1715934203899276e-15, 0), (-1.0011412291143239e-22, 3.4228538225988814e-8, 0.9999998211860657, 0), (8.49807406666514e-8, -1, 2.6620377824553964e-15, 0), (9.015405347453328e-23, -1.1713433974397218e-14, -2.3841855067985307e-7, 1) ), ( (1, 8.49807406666514e-8, -1.1715934203899276e-15, 0), (-1.0011412291143239e-22, 3.4228538225988814e-8, 0.9999998211860657, 0), (8.49807406666514e-8, -1, 2.6620377824553964e-15, 0), (9.015405347453328e-23, -1.1713433974397218e-14, -2.3841855067985307e-7, 1) ), ( (1, 8.49807406666514e-8, -1.1715932086316908e-15, 0), (-3.309066267349042e-22, 3.4228538225988814e-8, 0.9999998211860657, 0), (8.49807406666514e-8, -1, 2.6620377824553964e-15, 0), (3.0191223980101043e-22, -7.63307382659886e-15, -1.1920928244535389e-7, 1) ), ( (1, 8.49807406666514e-8, -1.1715936321481644e-15, 0), (1.3067838091203945e-22, 3.4228538225988814e-8, 0.9999998211860657, 0), (8.49807406666514e-8, -1, 2.6620377824553964e-15, 0), (-1.216041833390418e-22, -1.1713433974397218e-14, -2.3841855067985307e-7, 1) ), ( (1, 8.49807406666514e-8, -1.1715934203899276e-15, 0), (-1.0011412291143239e-22, 3.4228538225988814e-8, 0.9999998211860657, 0), (8.49807406666514e-8, -1, 2.6620377824553964e-15, 0), (9.015405347453328e-23, -1.1713433974397218e-14, -2.3841855067985307e-7, 1) ), ( (1, 8.49807406666514e-8, -1.1715936321481644e-15, 0), (1.3067838091203945e-22, 3.4228538225988814e-8, 0.9999998211860657, 0), (8.49807406666514e-8, -1, 2.6620377824553964e-15, 0), (-1.216041833390418e-22, -1.1713433974397218e-14, -2.3841855067985307e-7, 1) ), ( (1, 8.49807406666514e-8, -1.1715934203899276e-15, 0), (-1.0011412291143239e-22, 3.4228538225988814e-8, 0.9999998211860657, 0), (8.49807406666514e-8, -1, 2.6620377824553964e-15, 0), (9.015405347453328e-23, -1.1713433974397218e-14, -2.3841855067985307e-7, 1) )]
                uniform token[] joints = ["_rootJoint", "_rootJoint/C_STARFISH_SANTA_001_01", "_rootJoint/C_STARFISH_SANTA_001_01/Bip01_02", "_rootJoint/C_STARFISH_SANTA_001_01/Bip01_02/Bip01_Pelvis_04", "_rootJoint/C_STARFISH_SANTA_001_01/Bip01_02/Bip01_Pelvis_04/Bip01_L_Thigh_05", "_rootJoint/C_STARFISH_SANTA_001_01/Bip01_02/Bip01_Pelvis_04/Bip01_L_Thigh_05/Bip01_L_Calf_06", "_rootJoint/C_STARFISH_SANTA_001_01/Bip01_02/Bip01_Pelvis_04/Bip01_L_Thigh_05/Bip01_L_Calf_06/Bip01_L_Foot_07", "_rootJoint/C_STARFISH_SANTA_001_01/Bip01_02/Bip01_Pelvis_04/Bip01_L_Thigh_05/Bip01_L_Calf_06/Bip01_L_Foot_07/Bip01_L_Toe0_08", "_rootJoint/C_STARFISH_SANTA_001_01/Bip01_02/Bip01_Pelvis_04/Bip01_L_Thigh_05/Bip01_L_Calf_06/Bip01_L_Foot_07/Bip01_L_Toe0_08/Bip01_L_Toe0Nub_09", "_rootJoint/C_STARFISH_SANTA_001_01/Bip01_02/Bip01_Pelvis_04/Bip01_R_Thigh_010", "_rootJoint/C_STARFISH_SANTA_001_01/Bip01_02/Bip01_Pelvis_04/Bip01_R_Thigh_010/Bip01_R_Calf_011", "_rootJoint/C_STARFISH_SANTA_001_01/Bip01_02/Bip01_Pelvis_04/Bip01_R_Thigh_010/Bip01_R_Calf_011/Bip01_R_Foot_012", "_rootJoint/C_STARFISH_SANTA_001_01/Bip01_02/Bip01_Pelvis_04/Bip01_R_Thigh_010/Bip01_R_Calf_011/Bip01_R_Foot_012/Bip01_R_Toe0_013", "_rootJoint/C_STARFISH_SANTA_001_01/Bip01_02/Bip01_Pelvis_04/Bip01_R_Thigh_010/Bip01_R_Calf_011/Bip01_R_Foot_012/Bip01_R_Toe0_013/Bip01_R_Toe0Nub_014", "_rootJoint/C_STARFISH_SANTA_001_01/Bip01_02/Bip01_Pelvis_04/Bip01_Spine_015", "_rootJoint/C_STARFISH_SANTA_001_01/Bip01_02/Bip01_Pelvis_04/Bip01_Spine_015/Bip01_Spine1_016", "_rootJoint/C_STARFISH_SANTA_001_01/Bip01_02/Bip01_Pelvis_04/Bip01_Spine_015/Bip01_Spine1_016/Bip01_Neck_017", "_rootJoint/C_STARFISH_SANTA_001_01/Bip01_02/Bip01_Pelvis_04/Bip01_Spine_015/Bip01_Spine1_016/Bip01_Neck_017/Bip01_Head_018", "_rootJoint/C_STARFISH_SANTA_001_01/Bip01_02/Bip01_Pelvis_04/Bip01_Spine_015/Bip01_Spine1_016/Bip01_Neck_017/Bip01_Head_018/Bip01_Ponytail1_020", "_rootJoint/C_STARFISH_SANTA_001_01/Bip01_02/Bip01_Pelvis_04/Bip01_Spine_015/Bip01_Spine1_016/Bip01_Neck_017/Bip01_Head_018/Bip01_Ponytail1_020/Bip01_Ponytail1Nub_021", "_rootJoint/C_STARFISH_SANTA_001_01/Bip01_02/Bip01_Pelvis_04/Bip01_Spine_015/Bip01_Spine1_016/Bip01_Neck_017/Bip01_Head_018/Bip01_Ponytail1_020/Point001_022", "_rootJoint/C_STARFISH_SANTA_001_01/Bip01_02/Bip01_Pelvis_04/Bip01_Spine_015/Bip01_Spine1_016/Bip01_Neck_017/Bip01_Head_018/Bip01_Ponytail1_020/Bip01_Ponytail1_020_0", "_rootJoint/C_STARFISH_SANTA_001_01/Bip01_02/Bip01_Pelvis_04/Bip01_Spine_015/Bip01_Spine1_016/Bip01_Neck_017/Bip01_Head_018/Bip01_HeadNub_019", "_rootJoint/C_STARFISH_SANTA_001_01/Bip01_02/Bip01_Pelvis_04/Bip01_Spine_015/Bip01_Spine1_016/Bip01_Neck_017/Bip01_L_Clavicle_023", "_rootJoint/C_STARFISH_SANTA_001_01/Bip01_02/Bip01_Pelvis_04/Bip01_Spine_015/Bip01_Spine1_016/Bip01_Neck_017/Bip01_L_Clavicle_023/Bip01_L_UpperArm_024", "_rootJoint/C_STARFISH_SANTA_001_01/Bip01_02/Bip01_Pelvis_04/Bip01_Spine_015/Bip01_Spine1_016/Bip01_Neck_017/Bip01_L_Clavicle_023/Bip01_L_UpperArm_024/Bip01_L_Forearm_025", "_rootJoint/C_STARFISH_SANTA_001_01/Bip01_02/Bip01_Pelvis_04/Bip01_Spine_015/Bip01_Spine1_016/Bip01_Neck_017/Bip01_L_Clavicle_023/Bip01_L_UpperArm_024/Bip01_L_Forearm_025/Bip01_L_Hand_026", "_rootJoint/C_STARFISH_SANTA_001_01/Bip01_02/Bip01_Pelvis_04/Bip01_Spine_015/Bip01_Spine1_016/Bip01_Neck_017/Bip01_L_Clavicle_023/Bip01_L_UpperArm_024/Bip01_L_Forearm_025/Bip01_L_Hand_026/Bip01_L_Finger0_027", "_rootJoint/C_STARFISH_SANTA_001_01/Bip01_02/Bip01_Pelvis_04/Bip01_Spine_015/Bip01_Spine1_016/Bip01_Neck_017/Bip01_L_Clavicle_023/Bip01_L_UpperArm_024/Bip01_L_Forearm_025/Bip01_L_Hand_026/Bip01_L_Finger0_027/Bip01_L_Finger0Nub_028", "_rootJoint/C_STARFISH_SANTA_001_01/Bip01_02/Bip01_Pelvis_04/Bip01_Spine_015/Bip01_Spine1_016/Bip01_Neck_017/Bip01_L_Clavicle_023/Dummy002_029", "_rootJoint/C_STARFISH_SANTA_001_01/Bip01_02/Bip01_Pelvis_04/Bip01_Spine_015/Bip01_Spine1_016/Bip01_Neck_017/Bip01_R_Clavicle_030", "_rootJoint/C_STARFISH_SANTA_001_01/Bip01_02/Bip01_Pelvis_04/Bip01_Spine_015/Bip01_Spine1_016/Bip01_Neck_017/Bip01_R_Clavicle_030/Bip01_R_UpperArm_031", "_rootJoint/C_STARFISH_SANTA_001_01/Bip01_02/Bip01_Pelvis_04/Bip01_Spine_015/Bip01_Spine1_016/Bip01_Neck_017/Bip01_R_Clavicle_030/Bip01_R_UpperArm_031/Bip01_R_Forearm_032", "_rootJoint/C_STARFISH_SANTA_001_01/Bip01_02/Bip01_Pelvis_04/Bip01_Spine_015/Bip01_Spine1_016/Bip01_Neck_017/Bip01_R_Clavicle_030/Bip01_R_UpperArm_031/Bip01_R_Forearm_032/Bip01_R_Hand_033", "_rootJoint/C_STARFISH_SANTA_001_01/Bip01_02/Bip01_Pelvis_04/Bip01_Spine_015/Bip01_Spine1_016/Bip01_Neck_017/Bip01_R_Clavicle_030/Bip01_R_UpperArm_031/Bip01_R_Forearm_032/Bip01_R_Hand_033/Bip01_R_Finger0_034", "_rootJoint/C_STARFISH_SANTA_001_01/Bip01_02/Bip01_Pelvis_04/Bip01_Spine_015/Bip01_Spine1_016/Bip01_Neck_017/Bip01_R_Clavicle_030/Bip01_R_UpperArm_031/Bip01_R_Forearm_032/Bip01_R_Hand_033/Bip01_R_Finger0_034/Bip01_R_Finger0Nub_00", "_rootJoint/C_STARFISH_SANTA_001_01/Bip01_02/Bip01_Pelvis_04/Bip01_Spine_015/Bip01_Spine1_016/Bip01_Neck_017/Bip01_R_Clavicle_030/Dummy001_035", "_rootJoint/C_STARFISH_SANTA_001_01/Bip01_02/Bip01_Pelvis_04/Bip01_Spine_015/Bip01_Spine1_016/Point002_036", "_rootJoint/C_STARFISH_SANTA_001_01/Bip01_02/Bip01_Pelvis_04/Bip01_Spine_015/Bip01_Spine1_016/Point003_037", "_rootJoint/C_STARFISH_SANTA_001_01/Bip01_02/Bip01_Footsteps_03", "_rootJoint/C_STARFISH_SANTA_001_01/Bone001_038", "_rootJoint/C_STARFISH_SANTA_001_01/Bone001_038/Bone002_039", "_rootJoint/C_STARFISH_SANTA_001_01/Bone001_038/Bone002_039/Bone003_040", "_rootJoint/C_STARFISH_SANTA_001_01/Bone001_038/Bone002_039/Bone003_040/Bone011_041", "_rootJoint/C_STARFISH_SANTA_001_01/Bone005_042", "_rootJoint/C_STARFISH_SANTA_001_01/Bone005_042/Bone006_043", "_rootJoint/C_STARFISH_SANTA_001_01/Bone005_042/Bone006_043/Bone007_044", "_rootJoint/C_STARFISH_SANTA_001_01/Bone008_045", "_rootJoint/C_STARFISH_SANTA_001_01/Bone008_045/Bone009_046", "_rootJoint/C_STARFISH_SANTA_001_01/Bone008_045/Bone009_046/Bone010_047", "_rootJoint/C_STARFISH_SANTA_001_01/Effect_048", "_rootJoint/C_STARFISH_SANTA_001_01/Effect_048/FX_JumpBlow_Starfish_Santa_049", "_rootJoint/C_STARFISH_SANTA_001_01/Effect_048/FX_JumpBlow_Starfish_Santa_049/Dust_050", "_rootJoint/C_STARFISH_SANTA_001_01/Effect_048/FX_JumpBlow_Starfish_Santa_049/Dust_050/Spark1_051", "_rootJoint/C_STARFISH_SANTA_001_01/Effect_048/FX_JumpBlow_Starfish_Santa_049/Dust_050/Spark2_052", "_rootJoint/C_STARFISH_SANTA_001_01/Effect_048/FX_JumpBlow_Starfish_Santa_049/Dust_050/Snow_Center_053", "_rootJoint/C_STARFISH_SANTA_001_01/Effect_048/FX_JumpBlow_Starfish_Santa_049/Dust_050/Snow_Side_054", "_rootJoint/C_STARFISH_SANTA_001_01/Effect_048/fx_SlideMark_Starfish_santa_055", "_rootJoint/C_STARFISH_SANTA_001_01/Effect_048/fx_SlideMark_Starfish_santa_055/Snow_056", "_rootJoint/C_STARFISH_SANTA_001_01/Effect_048/fx_SlideMark_Starfish_santa_055/Snow_056/Star_057", "_rootJoint/C_STARFISH_SANTA_001_01/Effect_048/fx_SlideMark_Starfish_santa_055/FloorSnow1_058", "_rootJoint/C_STARFISH_SANTA_001_01/Effect_048/fx_SlideMark_Starfish_santa_055/FloorSnow1_058/FloorSnow2_059"]
                float[] primvars:blender:bone_lengths = [1, 0.91752625, 0.37668687, 0.14451322, 0.16568209, 0.14286268, 0.24162458, 0.24162468, 0.24162468, 0.16568205, 0.14286275, 0.24162471, 0.24162467, 0.24162465, 0.23032941, 0.75152946, 1.0672493, 0.47432217, 1.5315539, 1.5315539, 1.5315539, 1.531554, 0.47432223, 0.96267706, 0.22261804, 0.18230537, 0.095463976, 1.0874738, 1.0874738, 0.96267694, 0.96274376, 0.22261818, 0.18230525, 0.09546394, 1.0874741, 1.087474, 0.96274364, 0.75152946, 0.75152946, 0.3766869, 0.27777243, 0.27219006, 0.24736318, 0.24736305, 0.21722583, 0.777477, 0.7774772, 0.27015534, 0.7719972, 0.7719972, 0.91752636, 0.91752636, 0.9175265, 0.9175265, 0.9175265, 0.9175265, 0.9175265, 0.91752636, 0.9175265, 0.9175265, 0.9175265, 0.9175265] (
                    interpolation = "uniform"
                )
